referrer,views_total,views_unique
Google,49,19
github.com,32,11
saul.cpsc.ucalgary.ca,23,8
wildlabs.net,4,3
petervanlunteren.github.io,2,2
cdn.iframe.ly,2,1
cn.bing.com,1,1
